9.925841544145527218e-01
8.457996206292239805e-01
7.171263350395744585e-01
6.047377234841621041e-01
5.068062450431396471e-01
4.217261939962112516e-01
3.478832654994780671e-01
2.839085013757056131e-01
2.285082962959857356e-01
1.805032978628608453e-01
1.388214700271914459e-01
1.025654838288061615e-01
7.095701640135604338e-02
4.332835405589306743e-02
1.913869866174356185e-02
-2.029789613996801911e-03
-2.047596878187533942e-02
-3.637409517406324511e-02
-4.977251683035505830e-02
-6.059453513526507490e-02
9.971872004312932747e-01
8.506597095766083028e-01
7.222444286744994502e-01
6.100263974978875625e-01
5.124529378655677814e-01
4.278656330034940614e-01
3.545370927500798852e-01
2.910492941566676373e-01
2.360219999478894992e-01
1.882638534630183824e-01
1.468017916292543024e-01
1.107377664442034393e-01
7.932098596476797048e-02
5.186665040023552553e-02
2.781383147162718242e-02
6.758844668110112336e-03
-1.157757083353060101e-02
-2.736406263386577734e-02
-4.068202842084933657e-02
-5.142069446133720745e-02
1.004030452390279216e+00
8.575333089603792702e-01
7.292347920202415512e-01
6.171313211586196834e-01
5.193516470937131757e-01
4.344053389115388741e-01
3.609534712868343598e-01
2.974729187377631034e-01
2.427688314798609748e-01
1.954196612439201286e-01
1.543361928384115456e-01
1.186878256350141631e-01
8.756875796384588906e-02
6.031005143816425829e-02
3.639779767928202903e-02
1.542205923956778760e-02
-2.834762029858897692e-03
-1.854794388542385652e-02
-3.177034683724255792e-02
-4.243446306549866764e-02
1.011778706614448353e+00
8.652631664235423958e-01
7.370568729691748810e-01
6.250173887748942114e-01
5.274019920920883786e-01
4.424200867689848105e-01
3.687387941096461619e-01
3.050592539574176754e-01
2.501550656427894981e-01
2.028069805437054396e-01
1.618705193599050129e-01
1.263678578207746150e-01
9.545909432445603970e-02
6.844848568235600839e-02
4.487627417095056692e-02
2.416299524436311963e-02
6.133207258717097987e-03
-9.451521900684014404e-03
-2.261808025117525989e-02
-3.324501663656294348e-02
1.019909597244451183e+00
8.733021612325854166e-01
7.451697905775409581e-01
6.333095703851918667e-01
5.357233550854227921e-01
4.509120690765988093e-01
3.772229994345689952e-01
3.134152846967406814e-01
2.582825188262164451e-01
2.108066636659899629e-01
1.698610177543870281e-01
1.343477030636742175e-01
1.034856965267501316e-01
7.662018676223161795e-02
5.319360203282397226e-02
3.264267697454255324e-02
1.480942112859821511e-02
-6.623122141514205252e-04
-1.363422148628984018e-02
-2.401185753914620788e-02
1.028305564589516052e+00
8.817092782830039388e-01
7.534556726594243692e-01
6.416485897884723899e-01
5.442556754893024262e-01
4.595004140951891580e-01
3.859487856827641394e-01
3.221330118064357206e-01
2.668910132080238307e-01
2.192270652995856328e-01
1.782063720106684956e-01
1.426925435738949366e-01
1.118325819081023853e-01
8.492301538494148594e-02
6.149497032224307547e-02
4.108761099384986015e-02
2.340918486130640075e-02
8.123735031133300782e-03
-4.734462416064035700e-03
-1.515608443578253528e-02
1.036638049329253963e+00
8.901863370298397360e-01
7.619015526837153995e-01
6.500775586678266826e-01
5.527393148377468535e-01
4.681302768992058327e-01
3.946620816560944545e-01
3.309678370398437819e-01
2.757374128974658389e-01
2.279551941734531406e-01
1.867599040835302149e-01
1.511709979301081308e-01
1.202603149652397840e-01
9.335025694486352721e-02
6.986526899693637493e-02
4.942881222433092442e-02
3.184178232504257522e-02
1.673678478739435566e-02
4.080813161634885139e-03
-6.145144423343018580e-03
1.044901727168109806e+00
8.984421681055354547e-01
7.702664647906273254e-01
6.584650978502565311e-01
5.611707509916582515e-01
4.766265896742643005e-01
4.033347822641932812e-01
3.397490189716508291e-01
2.845895221249896689e-01
2.367657344677470688e-01
1.954988516393751929e-01
1.598111444325075181e-01
1.288640846058185518e-01
1.019379973038225390e-01
7.841298975133687010e-02
5.792632340309429584e-02
4.016166883723744363e-02
2.507642422883811159e-02
1.254683615664373142e-02
2.543150602584330622e-03
1.053214222522087740e+00
9.067147217259128311e-01
7.785164540367777164e-01
6.667004847748102536e-01
5.694776912135264268e-01
4.850129299566070529e-01
4.117743569538026560e-01
3.483325052595592775e-01
2.933546621430612178e-01
2.455637380527278812e-01
2.042567021267264749e-01
1.685486311586794350e-01
1.375397862890078704e-01
1.105936426644200110e-01
8.707046963034809073e-02
6.651901869027221359e-02
4.873281712919845521e-02
3.351415630954424768e-02
2.089922368997563368e-02
1.094422467697171025e-02
1.061523784976307283e+00
9.150114031101014289e-01
7.867819607436662421e-01
6.749185003104143377e-01
5.776681313281891716e-01
4.932862915171448148e-01
4.201056009076211684e-01
3.567643908531037966e-01
3.018815361470414960e-01
2.543202484553711562e-01
2.129800293881392581e-01
1.772594424333840402e-01
1.462241457094513031e-01
1.191922246963196819e-01
9.566728186774717257e-02
7.513547059007237572e-02
5.732236006210048029e-02
4.206865933395684265e-02
2.936904356450164427e-02
1.930722784593138716e-02
1.069840755518837616e+00
9.233144590226125548e-01
7.950371472545253448e-01
6.831520366723199400e-01
5.858415523218097887e-01
5.014597883591012106e-01
4.283423775104296394e-01
3.650216161672277804e-01
3.102544109582566767e-01
2.628662010782550906e-01
2.216604338048886735e-01
1.859264530453529629e-01
1.548886947900974531e-01
1.278407141560123639e-01
1.042576047557278451e-01
8.371768680792895934e-02
6.590002335719040427e-02
5.062943171033312817e-02
3.786314828769621332e-02
2.771919387807543489e-02
1.078141815885652832e+00
9.316147801209820889e-01
8.033220883330292050e-01
6.913825075213401172e-01
5.940303207445292166e-01
5.096107903784892201e-01
4.365031791347952494e-01
3.732351313736210763e-01
3.184867163256905331e-01
2.711724312676341841e-01
2.301702024975695038e-01
1.944660028285786213e-01
1.634697447373954782e-01
1.364653758850490894e-01
1.128749627956886353e-01
9.231190604893367568e-02
7.446179973672141517e-02
5.919557088613587592e-02
4.643127165596191985e-02
3.624386929700740972e-02
1.086415454666032065e+00
9.398898286690950954e-01
8.116142502883073595e-01
6.996428354244528247e-01
6.022426053004730218e-01
5.177605678152945590e-01
4.446308391968987750e-01
3.813549396160090255e-01
3.266630244990265108e-01
2.793969183038321202e-01
2.384349336493996330e-01
2.028543242925963108e-01
1.719301281882324728e-01
1.449839886088894192e-01
1.214360607006543663e-01
1.008955238304358459e-01
8.305165528535482511e-02
6.773560924785548831e-02
5.498170427361129264e-02
4.479525659237573731e-02
1.094656795724750831e+00
9.481590333724309039e-01
8.198837240004072102e-01
7.078952806795236752e-01
6.104632205486231200e-01
5.258878228639491947e-01
4.527313207943486906e-01
3.894254095439732555e-01
3.347642524440999079e-01
2.875582343117894513e-01
2.466479094531737748e-01
2.111564795355996838e-01
1.802773312747985579e-01
1.533483111704870283e-01
1.298735678044404540e-01
1.094026576838088571e-01
9.156846334112363206e-02
7.628348882718782864e-02
6.349633598779994004e-02
5.331506015175091484e-02
1.102873859045806704e+00
9.564000142020235851e-01
8.281247048299998914e-01
7.161078052361691260e-01
6.186291095032111498e-01
5.339957596447876265e-01
4.608030849982172605e-01
3.975093155494272557e-01
3.428386217854735296e-01
2.956196831419977689e-01
2.547636940084835322e-01
2.193438709877145454e-01
1.885830016329767267e-01
1.616722680567569126e-01
1.382049376013899378e-01
1.177462380515010565e-01
9.996083744885270184e-02
8.473205138203282472e-02
7.197821922219072022e-02
6.176541070469686312e-02
1.111068337092570024e+00
9.645846441008743000e-01
8.362845798546875153e-01
7.242556820654537653e-01
6.267566569558955525e-01
5.421233030522274454e-01
4.688557104761691963e-01
4.055836235382890842e-01
3.509260586155963368e-01
3.036683988910698906e-01
2.628101080133937728e-01
2.274243742686395675e-01
1.967429009291319364e-01
1.699485834238494419e-01
1.465017401096213034e-01
1.260416712444447640e-01
1.082662441922906116e-01
9.303972750767605659e-02
8.030706006743895675e-02
7.013496086870327217e-02
1.119210172418016791e+00
9.727258038704774679e-01
8.444188788894950726e-01
7.323743138680309794e-01
6.348525969590417262e-01
5.502192430553736191e-01
4.769417194038891306e-01
4.136362854923734123e-01
3.589629420932244908e-01
3.117236275528356138e-01
2.708362452988143376e-01
2.354409647768684055e-01
2.047764895550555631e-01
1.781211990152506142e-01
1.547129614926030516e-01
1.342653459128435867e-01
1.165097708984303565e-01
1.012898924601597361e-01
8.854509130882658174e-02
7.837381936260581772e-02
1.127332336941695434e+00
9.808430898292012090e-01
8.525312943737533011e-01
7.404738998591265942e-01
6.429235850936301233e-01
5.582915600528041145e-01
4.850487061699306768e-01
4.217231997548447908e-01
3.669471374828815469e-01
3.196875825612727762e-01
2.788115654218787376e-01
2.434391223281684169e-01
2.127487514732229468e-01
1.861462412619811213e-01
1.628469361078114519e-01
1.424245001528954835e-01
1.246772866590141748e-01
1.094581464778780905e-01
9.671245941798349566e-02
8.653802813575160735e-02
1.135401970044759956e+00
9.889127249548880227e-01
8.606009294994401149e-01
7.485454969284313087e-01
6.509859873220207316e-01
5.663438916448308991e-01
4.931371557281253870e-01
4.298121772174563482e-01
3.750245961115721283e-01
3.276668408553368161e-01
2.867664875245929390e-01
2.514227333053927760e-01
2.207262116560743948e-01
1.940933540200477925e-01
1.709144798420543787e-01
1.505136171764448194e-01
1.327917673660348463e-01
1.175668404625374031e-01
1.048321504000139098e-01
9.467396481998609226e-02
1.143441392674145352e+00
9.969521516295182240e-01
8.686403541514480242e-01
7.565883094727687830e-01
6.590182215518005648e-01
5.744134756177512457e-01
5.011978947737874002e-01
4.378730012132541760e-01
3.830854221299923035e-01
3.357046898845835736e-01
2.947271310385459753e-01
2.593814715091520284e-01
2.287023403662519494e-01
2.020759328726966508e-01
1.788930316537309939e-01
1.586047218504924305e-01
1.408452512655553879e-01
1.256272477981442426e-01
1.129178263558446305e-01
1.027684371601405439e-01
